RESTAURANT_LATITUDE=51.5145124
RESTAURANT_LONGITUDE=-0.0945086
